$ANSIBLE_VAULT;1.1;AES256
34393833353466326438383632656534323838663231633336323438613961356463323236363333
3265393661613131636332626562316338306166336430330a653036323830333137396633353331
37646365363031643036363362323366656136373732373964323565366438383238393966373837
3637306362383638650a343964383062393035343666313164626365373337643862626433323561
31313566656334373236363263623064376238306439383334353063313035363639633965613130
33353336643435386164353036656232623666393935633864386662656532333333623138336632
36303261323831663966396564343439353164613933656433343536343266343535313066633634
61353234303162633834366262666666313237653962363839636661396664373239613336323734
36653239613963623832643635336462613363366539303034656336396333663238346538303431
61623336363662613837303062646639666538623338396633663737666336613438656330613933
65663930653863656135336630636239623031633431343965363466336166363531636531613939
32376438393130303830633961343130343636393765386637396462623733663534353833396134
62393561346437616232323532663537396439313034353133366534653731633465656638633039
66353061316165343161303235336536303865316165343436373764363430386336373461666464
38636330643036666262353033653339636462653966353931626465636538396339353131346437
62633236356433623532656462306437666136613235366264396238383731373236636661353730
61373932303365373862643964343031373235356264313036383162356666376537333262336166
3332383936616663366637656239386639373861323030633664
